

*************************** 1. row ***************************
query_name: Histogram for length(name)
bin     num     bin_pct running_total   running_pct     nz_running_total        nz_running_pct
0       23      0.0014  23      0.0014  0       0.0000
1       1050    0.0640  1073    0.0654  1050    0.0640
2       3936    0.2398  5009    0.3052  4986    0.3038
3       18742   1.1419  23751   1.4471  23728   1.4457
4       47325   2.8834  71076   4.3304  71053   4.3291
5       81673   4.9761  152749  9.3065  152726  9.3053
6       134547  8.1975  287296  17.5041 287273  17.5029
7       157331  9.5857  444627  27.0897 444604  27.0887
8       174384  10.6247 619011  37.7144 618988  37.7136
9       166932  10.1706 785943  47.8851 785920  47.8843
10      186438  11.3591 972381  59.2442 972358  59.2436
11      155890  9.4979  1128271 68.7421 1128248 68.7416
12      145224  8.8480  1273495 77.5901 1273472 77.5898
13      118739  7.2344  1392234 84.8245 1392211 84.8243
14      93176   5.6769  1485410 90.5014 1485387 90.5013
15      74555   4.5424  1559965 95.0438 1559942 95.0438
16      26127   1.5918  1586092 96.6357 1586069 96.6356
17      18000   1.0967  1604092 97.7324 1604069 97.7323
18      13005   0.7924  1617097 98.5247 1617074 98.5247
19      9724    0.5925  1626821 99.1172 1626798 99.1172
20      11371   0.6928  1638192 99.8100 1638169 99.8100
21      1139    0.0694  1639331 99.8794 1639308 99.8794
22      286     0.0174  1639617 99.8968 1639594 99.8968
23      158     0.0096  1639775 99.9064 1639752 99.9064
24      319     0.0194  1640094 99.9259 1640071 99.9259
25      126     0.0077  1640220 99.9335 1640197 99.9335
26      67      0.0041  1640287 99.9376 1640264 99.9376
27      195     0.0119  1640482 99.9495 1640459 99.9495
28      68      0.0041  1640550 99.9536 1640527 99.9536
29      68      0.0041  1640618 99.9578 1640595 99.9578
30      103     0.0063  1640721 99.9641 1640698 99.9641
31      54      0.0033  1640775 99.9673 1640752 99.9673
32      41      0.0025  1640816 99.9698 1640793 99.9698
33      100     0.0061  1640916 99.9759 1640893 99.9759
34      34      0.0021  1640950 99.9780 1640927 99.9780
35      33      0.0020  1640983 99.9800 1640960 99.9800
36      71      0.0043  1641054 99.9843 1641031 99.9843
37      31      0.0019  1641085 99.9862 1641062 99.9862
38      11      0.0007  1641096 99.9869 1641073 99.9869
39      52      0.0032  1641148 99.9901 1641125 99.9901
40      12      0.0007  1641160 99.9908 1641137 99.9908
41      14      0.0009  1641174 99.9917 1641151 99.9917
42      28      0.0017  1641202 99.9934 1641179 99.9934
43      6       0.0004  1641208 99.9937 1641185 99.9937
44      10      0.0006  1641218 99.9943 1641195 99.9943
45      19      0.0012  1641237 99.9955 1641214 99.9955
46      6       0.0004  1641243 99.9959 1641220 99.9959
47      2       0.0001  1641245 99.9960 1641222 99.9960
48      6       0.0004  1641251 99.9963 1641228 99.9963
49      5       0.0003  1641256 99.9967 1641233 99.9967
50      6       0.0004  1641262 99.9970 1641239 99.9970
51      8       0.0005  1641270 99.9975 1641247 99.9975
52      6       0.0004  1641276 99.9979 1641253 99.9979
53      1       0.0001  1641277 99.9979 1641254 99.9979
54      10      0.0006  1641287 99.9985 1641264 99.9985
55      2       0.0001  1641289 99.9987 1641266 99.9987
56      2       0.0001  1641291 99.9988 1641268 99.9988
57      6       0.0004  1641297 99.9991 1641274 99.9991
58      4       0.0002  1641301 99.9994 1641278 99.9994
60      10      0.0006  1641311 100.0000        1641288 100.0000


*************************** 1. row ***************************
query_name: Histogram for length(url)
bin     num     bin_pct running_total   running_pct     nz_running_total        nz_running_pct
0       1088666 66.3291 1088666 66.3291 0       0.0000
1       3       0.0002  1088669 66.3292 3       0.0005
2       1       0.0001  1088670 66.3293 4       0.0007
3       1       0.0001  1088671 66.3294 5       0.0009
5       1       0.0001  1088672 66.3294 6       0.0011
6       3       0.0002  1088675 66.3296 9       0.0016
7       54      0.0033  1088729 66.3329 63      0.0114
8       28      0.0017  1088757 66.3346 91      0.0165
9       21      0.0013  1088778 66.3359 112     0.0203
10      40      0.0024  1088818 66.3383 152     0.0275
11      540     0.0329  1089358 66.3712 692     0.1252
12      74      0.0045  1089432 66.3757 766     0.1386
13      366     0.0223  1089798 66.3980 1132    0.2048
14      896     0.0546  1090694 66.4526 2028    0.3670
15      1770    0.1078  1092464 66.5605 3798    0.6872
16      3143    0.1915  1095607 66.7519 6941    1.2560
17      5388    0.3283  1100995 67.0802 12329   2.2309
18      7928    0.4830  1108923 67.5632 20257   3.6655
19      11009   0.6707  1119932 68.2340 31266   5.6575
20      15107   0.9204  1135039 69.1544 46373   8.3911
21      20075   1.2231  1155114 70.3775 66448   12.0236
22      23664   1.4418  1178778 71.8193 90112   16.3056
23      26266   1.6003  1205044 73.4196 116378  21.0584
24      28646   1.7453  1233690 75.1649 145024  26.2418
25      31649   1.9283  1265339 77.0932 176673  31.9686
26      32300   1.9679  1297639 79.0611 208973  37.8132
27      33189   2.0221  1330828 81.0832 242162  43.8187
28      32639   1.9886  1363467 83.0718 274801  49.7247
29      32142   1.9583  1395609 85.0301 306943  55.5407
30      31418   1.9142  1427027 86.9443 338361  61.2257
31      29052   1.7700  1456079 88.7144 367413  66.4826
32      27117   1.6522  1483196 90.3665 394530  71.3894
33      24376   1.4852  1507572 91.8517 418906  75.8002
34      21817   1.3292  1529389 93.1809 440723  79.7479
35      19163   1.1675  1548552 94.3485 459886  83.2154
36      15940   0.9712  1564492 95.3197 475826  86.0998
37      13397   0.8162  1577889 96.1359 489223  88.5239
38      11179   0.6811  1589068 96.8170 500402  90.5467
39      8585    0.5231  1597653 97.3401 508987  92.1002
40      6767    0.4123  1604420 97.7523 515754  93.3246
41      5404    0.3292  1609824 98.0816 521158  94.3025
42      4555    0.2775  1614379 98.3591 525713  95.1267
43      3195    0.1947  1617574 98.5538 528908  95.7048
44      2723    0.1659  1620297 98.7197 531631  96.1976
45      2085    0.1270  1622382 98.8467 533716  96.5748
46      1739    0.1060  1624121 98.9527 535455  96.8895
47      1602    0.0976  1625723 99.0503 537057  97.1794
48      2802    0.1707  1628525 99.2210 539859  97.6864
49      1370    0.0835  1629895 99.3045 541229  97.9343
50      819     0.0499  1630714 99.3544 542048  98.0825
51      820     0.0500  1631534 99.4043 542868  98.2309
52      767     0.0467  1632301 99.4510 543635  98.3697
53      605     0.0369  1632906 99.4879 544240  98.4791
54      543     0.0331  1633449 99.5210 544783  98.5774
55      486     0.0296  1633935 99.5506 545269  98.6653
56      510     0.0311  1634445 99.5817 545779  98.7576
57      509     0.0310  1634954 99.6127 546288  98.8497
58      523     0.0319  1635477 99.6446 546811  98.9443
59      354     0.0216  1635831 99.6661 547165  99.0084
60      405     0.0247  1636236 99.6908 547570  99.0817
61      363     0.0221  1636599 99.7129 547933  99.1474
62      303     0.0185  1636902 99.7314 548236  99.2022
63      221     0.0135  1637123 99.7448 548457  99.2422
64      326     0.0199  1637449 99.7647 548783  99.3012
65      309     0.0188  1637758 99.7835 549092  99.3571
66      219     0.0133  1637977 99.7969 549311  99.3967
67      157     0.0096  1638134 99.8064 549468  99.4251
68      155     0.0094  1638289 99.8159 549623  99.4532
69      148     0.0090  1638437 99.8249 549771  99.4800
70      116     0.0071  1638553 99.8320 549887  99.5009
71      141     0.0086  1638694 99.8406 550028  99.5265
72      123     0.0075  1638817 99.8480 550151  99.5487
73      112     0.0068  1638929 99.8549 550263  99.5690
74      139     0.0085  1639068 99.8633 550402  99.5941
75      169     0.0103  1639237 99.8736 550571  99.6247
76      112     0.0068  1639349 99.8805 550683  99.6450
77      75      0.0046  1639424 99.8850 550758  99.6585
78      75      0.0046  1639499 99.8896 550833  99.6721
79      68      0.0041  1639567 99.8937 550901  99.6844
80      74      0.0045  1639641 99.8983 550975  99.6978
81      79      0.0048  1639720 99.9031 551054  99.7121
82      185     0.0113  1639905 99.9143 551239  99.7456
83      169     0.0103  1640074 99.9246 551408  99.7762
84      64      0.0039  1640138 99.9285 551472  99.7877
85      40      0.0024  1640178 99.9310 551512  99.7950
86      94      0.0057  1640272 99.9367 551606  99.8120
87      90      0.0055  1640362 99.9422 551696  99.8283
88      42      0.0026  1640404 99.9447 551738  99.8359
89      31      0.0019  1640435 99.9466 551769  99.8415
90      41      0.0025  1640476 99.9491 551810  99.8489
91      33      0.0020  1640509 99.9511 551843  99.8549
92      26      0.0016  1640535 99.9527 551869  99.8596
93      25      0.0015  1640560 99.9542 551894  99.8641
94      39      0.0024  1640599 99.9566 551933  99.8712
95      24      0.0015  1640623 99.9581 551957  99.8755
96      13      0.0008  1640636 99.9589 551970  99.8779
97      23      0.0014  1640659 99.9603 551993  99.8820
98      26      0.0016  1640685 99.9619 552019  99.8867
99      20      0.0012  1640705 99.9631 552039  99.8903
100     588     0.0358  1641293 99.9989 552627  99.9967
101     2       0.0001  1641295 99.9990 552629  99.9971
102     3       0.0002  1641298 99.9992 552632  99.9976
103     3       0.0002  1641301 99.9994 552635  99.9982
111     1       0.0001  1641302 99.9995 552636  99.9984
112     1       0.0001  1641303 99.9995 552637  99.9986
125     1       0.0001  1641304 99.9996 552638  99.9987
133     1       0.0001  1641305 99.9996 552639  99.9989
136     2       0.0001  1641307 99.9998 552641  99.9993
147     1       0.0001  1641308 99.9998 552642  99.9995
191     1       0.0001  1641309 99.9999 552643  99.9996
224     1       0.0001  1641310 99.9999 552644  99.9998
255     1       0.0001  1641311 100.0000        552645  100.0000

*************************** 1. row ***************************
query_name: Histogram for length(location)
bin     num     bin_pct running_total   running_pct     nz_running_total        nz_running_pct
0       803074  48.9288 803074  48.9288 0       0.0000
1       124     0.0076  803198  48.9364 124     0.0148
2       13806   0.8412  817004  49.7775 13930   1.6618
3       12589   0.7670  829593  50.5445 26519   3.1637
4       11453   0.6978  841046  51.2423 37972   4.5300
5       31831   1.9394  872877  53.1817 69803   8.3274
6       61203   3.7289  934080  56.9106 131006  15.6288
7       52952   3.2262  987032  60.1368 183958  21.9458
8       43443   2.6468  1030475 62.7837 227401  27.1285
9       52496   3.1984  1082971 65.9821 279897  33.3912
10      50056   3.0498  1133027 69.0318 329953  39.3627
11      59692   3.6368  1192719 72.6687 389645  46.4839
12      49119   2.9927  1241838 75.6613 438764  52.3437
13      59040   3.5971  1300878 79.2585 497804  59.3870
14      46732   2.8472  1347610 82.1057 544536  64.9621
15      41014   2.4989  1388624 84.6046 585550  69.8549
16      33058   2.0141  1421682 86.6187 618608  73.7987
17      30302   1.8462  1451984 88.4649 648910  77.4137
18      23203   1.4137  1475187 89.8786 672113  80.1817
19      21048   1.2824  1496235 91.1610 693161  82.6927
20      17494   1.0659  1513729 92.2268 710655  84.7797
21      14015   0.8539  1527744 93.0807 724670  86.4517
22      12016   0.7321  1539760 93.8128 736686  87.8852
23      10447   0.6365  1550207 94.4493 747133  89.1315
24      9518    0.5799  1559725 95.0292 756651  90.2670
25      7616    0.4640  1567341 95.4932 764267  91.1755
26      9045    0.5511  1576386 96.0443 773312  92.2546
27      9233    0.5625  1585619 96.6069 782545  93.3561
28      19084   1.1627  1604703 97.7696 801629  95.6327
29      12228   0.7450  1616931 98.5146 813857  97.0915
30      19984   1.2176  1636915 99.7322 833841  99.4756
31      1189    0.0724  1638104 99.8046 835030  99.6174
32      493     0.0300  1638597 99.8346 835523  99.6762
33      385     0.0235  1638982 99.8581 835908  99.7222
34      142     0.0087  1639124 99.8668 836050  99.7391
35      113     0.0069  1639237 99.8736 836163  99.7526
36      229     0.0140  1639466 99.8876 836392  99.7799
37      118     0.0072  1639584 99.8948 836510  99.7940
38      94      0.0057  1639678 99.9005 836604  99.8052
39      182     0.0111  1639860 99.9116 836786  99.8269
40      69      0.0042  1639929 99.9158 836855  99.8351
41      70      0.0043  1639999 99.9201 836925  99.8435
42      129     0.0079  1640128 99.9279 837054  99.8589
43      48      0.0029  1640176 99.9308 837102  99.8646
44      50      0.0030  1640226 99.9339 837152  99.8706
45      69      0.0042  1640295 99.9381 837221  99.8788
46      46      0.0028  1640341 99.9409 837267  99.8843
47      29      0.0018  1640370 99.9427 837296  99.8877
48      78      0.0048  1640448 99.9474 837374  99.8970
49      25      0.0015  1640473 99.9489 837399  99.9000
50      26      0.0016  1640499 99.9505 837425  99.9031
51      49      0.0030  1640548 99.9535 837474  99.9090
52      19      0.0012  1640567 99.9547 837493  99.9112
53      19      0.0012  1640586 99.9558 837512  99.9135
54      26      0.0016  1640612 99.9574 837538  99.9166
55      16      0.0010  1640628 99.9584 837554  99.9185
56      24      0.0015  1640652 99.9599 837578  99.9214
57      30      0.0018  1640682 99.9617 837608  99.9250
58      13      0.0008  1640695 99.9625 837621  99.9265
59      12      0.0007  1640707 99.9632 837633  99.9279
60      38      0.0023  1640745 99.9655 837671  99.9325
61      14      0.0009  1640759 99.9664 837685  99.9341
62      14      0.0009  1640773 99.9672 837699  99.9358
63      34      0.0021  1640807 99.9693 837733  99.9399
64      23      0.0014  1640830 99.9707 837756  99.9426
65      11      0.0007  1640841 99.9714 837767  99.9439
66      25      0.0015  1640866 99.9729 837792  99.9469
67      21      0.0013  1640887 99.9742 837813  99.9494
68      13      0.0008  1640900 99.9750 837826  99.9510
69      18      0.0011  1640918 99.9761 837844  99.9531
70      15      0.0009  1640933 99.9770 837859  99.9549
71      9       0.0005  1640942 99.9775 837868  99.9560
72      18      0.0011  1640960 99.9786 837886  99.9581
73      12      0.0007  1640972 99.9793 837898  99.9596
74      2       0.0001  1640974 99.9795 837900  99.9598
75      10      0.0006  1640984 99.9801 837910  99.9610
76      3       0.0002  1640987 99.9803 837913  99.9613
77      3       0.0002  1640990 99.9804 837916  99.9617
78      1       0.0001  1640991 99.9805 837917  99.9618
79      2       0.0001  1640993 99.9806 837919  99.9621
80      60      0.0037  1641053 99.9843 837979  99.9692


*************************** 1. row ***************************
query_name: Histogram for length(description)
bin     num     bin_pct running_total   running_pct     nz_running_total        nz_running_pct
0       1062730 64.7488 1062730 64.7488 0       0.0000
1       353     0.0215  1063083 64.7704 353     0.0610
2       746     0.0455  1063829 64.8158 1099    0.1899
3       1490    0.0908  1065319 64.9066 2589    0.4475
4       2131    0.1298  1067450 65.0364 4720    0.8158
5       2434    0.1483  1069884 65.1847 7154    1.2365
6       3003    0.1830  1072887 65.3677 10157   1.7555
7       3765    0.2294  1076652 65.5971 13922   2.4062
8       3926    0.2392  1080578 65.8363 17848   3.0848
9       4566    0.2782  1085144 66.1145 22414   3.8740
10      5060    0.3083  1090204 66.4228 27474   4.7485
11      5592    0.3407  1095796 66.7635 33066   5.7150
12      7189    0.4380  1102985 67.2015 40255   6.9575
13      6657    0.4056  1109642 67.6071 46912   8.1081
14      6657    0.4056  1116299 68.0126 53569   9.2587
15      7877    0.4799  1124176 68.4926 61446   10.6201
16      7781    0.4741  1131957 68.9666 69227   11.9650
17      7746    0.4719  1139703 69.4386 76973   13.3038
18      8641    0.5265  1148344 69.9650 85614   14.7972
19      8079    0.4922  1156423 70.4573 93693   16.1936
20      8113    0.4943  1164536 70.9516 101806  17.5958
21      9096    0.5542  1173632 71.5058 110902  19.1679
22      8374    0.5102  1182006 72.0160 119276  20.6153
23      8364    0.5096  1190370 72.5256 127640  22.0609
24      9025    0.5499  1199395 73.0754 136665  23.6207
25      8667    0.5281  1208062 73.6035 145332  25.1187
26      8252    0.5028  1216314 74.1062 153584  26.5449
27      8943    0.5449  1225257 74.6511 162527  28.0906
28      8202    0.4997  1233459 75.1508 170729  29.5082
29      8271    0.5039  1241730 75.6548 179000  30.9378
30      8683    0.5290  1250413 76.1838 187683  32.4385
31      7923    0.4827  1258336 76.6665 195606  33.8079
32      7779    0.4740  1266115 77.1405 203385  35.1524
33      8522    0.5192  1274637 77.6597 211907  36.6253
34      7622    0.4644  1282259 78.1241 219529  37.9427
35      7514    0.4578  1289773 78.5819 227043  39.2413
36      8123    0.4949  1297896 79.0768 235166  40.6453
37      7419    0.4520  1305315 79.5288 242585  41.9276
38      7368    0.4489  1312683 79.9777 249953  43.2010
39      7569    0.4612  1320252 80.4389 257522  44.5092
40      6927    0.4220  1327179 80.8609 264449  45.7065
41      6849    0.4173  1334028 81.2782 271298  46.8902
42      7311    0.4454  1341339 81.7236 278609  48.1538
43      6432    0.3919  1347771 82.1155 285041  49.2655
44      6485    0.3951  1354256 82.5106 291526  50.3864
45      6908    0.4209  1361164 82.9315 298434  51.5803
46      6196    0.3775  1367360 83.3090 304630  52.6512
47      5929    0.3612  1373289 83.6702 310559  53.6760
48      6292    0.3834  1379581 84.0536 316851  54.7635
49      5837    0.3556  1385418 84.4092 322688  55.7723
50      5645    0.3439  1391063 84.7532 328333  56.7480
51      5981    0.3644  1397044 85.1176 334314  57.7817
52      5194    0.3165  1402238 85.4340 339508  58.6794
53      5216    0.3178  1407454 85.7518 344724  59.5809
54      5632    0.3431  1413086 86.0950 350356  60.5544
55      5053    0.3079  1418139 86.4028 355409  61.4277
56      4845    0.2952  1422984 86.6980 360254  62.2651
57      5186    0.3160  1428170 87.0140 365440  63.1614
58      4783    0.2914  1432953 87.3054 370223  63.9881
59      4758    0.2899  1437711 87.5953 374981  64.8105
60      4888    0.2978  1442599 87.8931 379869  65.6553
61      4350    0.2650  1446949 88.1581 384219  66.4071
62      4357    0.2655  1451306 88.4236 388576  67.1602
63      4569    0.2784  1455875 88.7020 393145  67.9499
64      4173    0.2542  1460048 88.9562 397318  68.6711
65      4057    0.2472  1464105 89.2034 401375  69.3723
66      4118    0.2509  1468223 89.4543 405493  70.0841
67      3864    0.2354  1472087 89.6897 409357  70.7519
68      3758    0.2290  1475845 89.9187 413115  71.4014
69      3820    0.2327  1479665 90.1514 416935  72.0616
70      3664    0.2232  1483329 90.3746 420599  72.6949
71      3515    0.2142  1486844 90.5888 424114  73.3024
72      3760    0.2291  1490604 90.8179 427874  73.9523
73      3375    0.2056  1493979 91.0235 431249  74.5356
74      3269    0.1992  1497248 91.2227 434518  75.1006
75      3366    0.2051  1500614 91.4278 437884  75.6824
76      3124    0.1903  1503738 91.6181 441008  76.2223
77      3086    0.1880  1506824 91.8061 444094  76.7557
78      3243    0.1976  1510067 92.0037 447337  77.3162
79      2960    0.1803  1513027 92.1841 450297  77.8278
80      2777    0.1692  1515804 92.3532 453074  78.3078
81      2997    0.1826  1518801 92.5358 456071  78.8258
82      2744    0.1672  1521545 92.7030 458815  79.3000
83      2574    0.1568  1524119 92.8599 461389  79.7449
84      2690    0.1639  1526809 93.0237 464079  80.2099
85      2478    0.1510  1529287 93.1747 466557  80.6381
86      2510    0.1529  1531797 93.3277 469067  81.0720
87      2580    0.1572  1534377 93.4848 471647  81.5179
88      2320    0.1414  1536697 93.6262 473967  81.9189
89      2295    0.1398  1538992 93.7660 476262  82.3155
90      2362    0.1439  1541354 93.9099 478624  82.7238
91      2152    0.1311  1543506 94.0410 480776  83.0957
92      2122    0.1293  1545628 94.1703 482898  83.4625
93      2230    0.1359  1547858 94.3062 485128  83.8479
94      1938    0.1181  1549796 94.4243 487066  84.1829
95      1981    0.1207  1551777 94.5450 489047  84.5252
96      2071    0.1262  1553848 94.6711 491118  84.8832
97      1850    0.1127  1555698 94.7839 492968  85.2029
98      1791    0.1091  1557489 94.8930 494759  85.5125
99      1876    0.1143  1559365 95.0073 496635  85.8367
100     1807    0.1101  1561172 95.1174 498442  86.1490
101     1690    0.1030  1562862 95.2203 500132  86.4411
102     1789    0.1090  1564651 95.3293 501921  86.7503
103     1631    0.0994  1566282 95.4287 503552  87.0322
104     1591    0.0969  1567873 95.5257 505143  87.3072
105     1733    0.1056  1569606 95.6312 506876  87.6067
106     1536    0.0936  1571142 95.7248 508412  87.8722
107     1470    0.0896  1572612 95.8144 509882  88.1263
108     1559    0.0950  1574171 95.9094 511441  88.3957
109     1389    0.0846  1575560 95.9940 512830  88.6358
110     1356    0.0826  1576916 96.0766 514186  88.8702
111     1486    0.0905  1578402 96.1671 515672  89.1270
112     1360    0.0829  1579762 96.2500 517032  89.3621
113     1318    0.0803  1581080 96.3303 518350  89.5899
114     1376    0.0838  1582456 96.4141 519726  89.8277
115     1266    0.0771  1583722 96.4913 520992  90.0465
116     1291    0.0787  1585013 96.5699 522283  90.2696
117     1248    0.0760  1586261 96.6460 523531  90.4853
118     1192    0.0726  1587453 96.7186 524723  90.6914
119     1186    0.0723  1588639 96.7909 525909  90.8964
120     1224    0.0746  1589863 96.8654 527133  91.1079
121     1142    0.0696  1591005 96.9350 528275  91.3053
122     1069    0.0651  1592074 97.0001 529344  91.4900
123     1153    0.0702  1593227 97.0704 530497  91.6893
124     1056    0.0643  1594283 97.1347 531553  91.8718
125     1007    0.0614  1595290 97.1961 532560  92.0459
126     1068    0.0651  1596358 97.2612 533628  92.2305
127     983     0.0599  1597341 97.3210 534611  92.4004
128     1122    0.0684  1598463 97.3894 535733  92.5943
129     984     0.0600  1599447 97.4494 536717  92.7644
130     954     0.0581  1600401 97.5075 537671  92.9293
131     970     0.0591  1601371 97.5666 538641  93.0969
132     1065    0.0649  1602436 97.6315 539706  93.2810
133     947     0.0577  1603383 97.6892 540653  93.4447
134     909     0.0554  1604292 97.7445 541562  93.6018
135     989     0.0603  1605281 97.8048 542551  93.7727
136     996     0.0607  1606277 97.8655 543547  93.9448
137     964     0.0587  1607241 97.9242 544511  94.1115
138     989     0.0603  1608230 97.9845 545500  94.2824
139     932     0.0568  1609162 98.0413 546432  94.4435
140     960     0.0585  1610122 98.0998 547392  94.6094
141     993     0.0605  1611115 98.1602 548385  94.7810
142     895     0.0545  1612010 98.2148 549280  94.9357
143     947     0.0577  1612957 98.2725 550227  95.0994
144     1067    0.0650  1614024 98.3375 551294  95.2838
145     965     0.0588  1614989 98.3963 552259  95.4506
146     911     0.0555  1615900 98.4518 553170  95.6080
147     933     0.0568  1616833 98.5086 554103  95.7693
148     949     0.0578  1617782 98.5664 555052  95.9333
149     1008    0.0614  1618790 98.6279 556060  96.1075
150     1037    0.0632  1619827 98.6910 557097  96.2868
151     995     0.0606  1620822 98.7517 558092  96.4588
152     1146    0.0698  1621968 98.8215 559238  96.6568
153     1251    0.0762  1623219 98.8977 560489  96.8730
154     1241    0.0756  1624460 98.9733 561730  97.0875
155     1283    0.0782  1625743 99.0515 563013  97.3093
156     1468    0.0894  1627211 99.1409 564481  97.5630
157     1489    0.0907  1628700 99.2316 565970  97.8204
158     1644    0.1002  1630344 99.3318 567614  98.1045
159     1883    0.1147  1632227 99.4465 569497  98.4300
160     4770    0.2906  1636997 99.7372 574267  99.2544
161     283     0.0172  1637280 99.7544 574550  99.3033
162     345     0.0210  1637625 99.7754 574895  99.3629
163     194     0.0118  1637819 99.7872 575089  99.3965
164     211     0.0129  1638030 99.8001 575300  99.4329
165     124     0.0076  1638154 99.8077 575424  99.4544
166     82      0.0050  1638236 99.8127 575506  99.4685
167     73      0.0044  1638309 99.8171 575579  99.4811
168     81      0.0049  1638390 99.8220 575660  99.4951
169     32      0.0019  1638422 99.8240 575692  99.5007
170     50      0.0030  1638472 99.8270 575742  99.5093
171     70      0.0043  1638542 99.8313 575812  99.5214
172     51      0.0031  1638593 99.8344 575863  99.5302
173     36      0.0022  1638629 99.8366 575899  99.5365
174     64      0.0039  1638693 99.8405 575963  99.5475
175     23      0.0014  1638716 99.8419 575986  99.5515
176     24      0.0015  1638740 99.8434 576010  99.5556
177     49      0.0030  1638789 99.8463 576059  99.5641
178     28      0.0017  1638817 99.8480 576087  99.5689
179     25      0.0015  1638842 99.8496 576112  99.5733
180     44      0.0027  1638886 99.8523 576156  99.5809
181     17      0.0010  1638903 99.8533 576173  99.5838
182     32      0.0019  1638935 99.8552 576205  99.5893
183     39      0.0024  1638974 99.8576 576244  99.5961
184     24      0.0015  1638998 99.8591 576268  99.6002
185     23      0.0014  1639021 99.8605 576291  99.6042
186     47      0.0029  1639068 99.8633 576338  99.6123
187     20      0.0012  1639088 99.8646 576358  99.6158
188     30      0.0018  1639118 99.8664 576388  99.6210
189     42      0.0026  1639160 99.8689 576430  99.6282
190     18      0.0011  1639178 99.8700 576448  99.6313
191     21      0.0013  1639199 99.8713 576469  99.6350
192     25      0.0015  1639224 99.8728 576494  99.6393
193     20      0.0012  1639244 99.8741 576514  99.6427
194     17      0.0010  1639261 99.8751 576531  99.6457
195     32      0.0019  1639293 99.8770 576563  99.6512
196     17      0.0010  1639310 99.8781 576580  99.6542
197     16      0.0010  1639326 99.8791 576596  99.6569
198     34      0.0021  1639360 99.8811 576630  99.6628
199     19      0.0012  1639379 99.8823 576649  99.6661
200     14      0.0009  1639393 99.8831 576663  99.6685
201     21      0.0013  1639414 99.8844 576684  99.6721
202     18      0.0011  1639432 99.8855 576702  99.6752
203     19      0.0012  1639451 99.8867 576721  99.6785
204     36      0.0022  1639487 99.8889 576757  99.6847
205     15      0.0009  1639502 99.8898 576772  99.6873
206     18      0.0011  1639520 99.8909 576790  99.6904
207     47      0.0029  1639567 99.8937 576837  99.6986
208     13      0.0008  1639580 99.8945 576850  99.7008
209     18      0.0011  1639598 99.8956 576868  99.7039
210     27      0.0016  1639625 99.8973 576895  99.7086
211     18      0.0011  1639643 99.8984 576913  99.7117
212     22      0.0013  1639665 99.8997 576935  99.7155
213     13      0.0008  1639678 99.9005 576948  99.7178
214     20      0.0012  1639698 99.9017 576968  99.7212
215     15      0.0009  1639713 99.9026 576983  99.7238
216     14      0.0009  1639727 99.9035 576997  99.7262
217     7       0.0004  1639734 99.9039 577004  99.7274
218     13      0.0008  1639747 99.9047 577017  99.7297
219     17      0.0010  1639764 99.9057 577034  99.7326
220     13      0.0008  1639777 99.9065 577047  99.7349
221     16      0.0010  1639793 99.9075 577063  99.7376
222     23      0.0014  1639816 99.9089 577086  99.7416
223     11      0.0007  1639827 99.9096 577097  99.7435
224     11      0.0007  1639838 99.9103 577108  99.7454
225     20      0.0012  1639858 99.9115 577128  99.7489
226     22      0.0013  1639880 99.9128 577150  99.7527
227     14      0.0009  1639894 99.9137 577164  99.7551
228     14      0.0009  1639908 99.9145 577178  99.7575
229     13      0.0008  1639921 99.9153 577191  99.7598
230     8       0.0005  1639929 99.9158 577199  99.7611
231     18      0.0011  1639947 99.9169 577217  99.7643
232     15      0.0009  1639962 99.9178 577232  99.7668
233     10      0.0006  1639972 99.9184 577242  99.7686
234     10      0.0006  1639982 99.9190 577252  99.7703
235     9       0.0005  1639991 99.9196 577261  99.7719
236     15      0.0009  1640006 99.9205 577276  99.7745
237     18      0.0011  1640024 99.9216 577294  99.7776
238     10      0.0006  1640034 99.9222 577304  99.7793
239     6       0.0004  1640040 99.9226 577310  99.7803
240     21      0.0013  1640061 99.9238 577331  99.7840
241     8       0.0005  1640069 99.9243 577339  99.7853
242     13      0.0008  1640082 99.9251 577352  99.7876
243     15      0.0009  1640097 99.9260 577367  99.7902
244     12      0.0007  1640109 99.9268 577379  99.7922
245     7       0.0004  1640116 99.9272 577386  99.7935
246     12      0.0007  1640128 99.9279 577398  99.7955
247     10      0.0006  1640138 99.9285 577408  99.7973
248     10      0.0006  1640148 99.9291 577418  99.7990
249     19      0.0012  1640167 99.9303 577437  99.8023
250     10      0.0006  1640177 99.9309 577447  99.8040
251     9       0.0005  1640186 99.9315 577456  99.8056
252     13      0.0008  1640199 99.9322 577469  99.8078
253     10      0.0006  1640209 99.9329 577479  99.8095
254     11      0.0007  1640220 99.9335 577490  99.8114
255     681     0.0415  1640901 99.9750 578171  99.9291


*************************** 1. row ***************************
query_name: Histogram for length(time_zone)
bin     num     bin_pct running_total   running_pct     nz_running_total        nz_running_pct
0       338764  20.6398 338764  20.6398 0       0.0000
1       2       0.0001  338766  20.6400 2       0.0002
2       11      0.0007  338777  20.6406 13      0.0010
3       3       0.0002  338780  20.6408 16      0.0012
4       13767   0.8388  352547  21.4796 13783   1.0582
5       202834  12.3580 555381  33.8376 216617  16.6303
6       218685  13.3238 774066  47.1614 435302  33.4193
7       26816   1.6338  800882  48.7953 462118  35.4780
8       72253   4.4022  873135  53.1974 534371  41.0251
9       94216   5.7403  967351  58.9377 628587  48.2583
10      6238    0.3801  973589  59.3178 634825  48.7372
11      4286    0.2611  977875  59.5789 639111  49.0663
12      11342   0.6910  989217  60.2699 650453  49.9370
13      40      0.0024  989257  60.2724 650493  49.9401
14      2609    0.1590  991866  60.4313 653102  50.1404
15      1032    0.0629  992898  60.4942 654134  50.2196
16      2       0.0001  992900  60.4943 654136  50.2198
17      2       0.0001  992902  60.4944 654138  50.2199
18      3       0.0002  992905  60.4946 654141  50.2201
19      309     0.0188  993214  60.5135 654450  50.2439
21      1       0.0001  993215  60.5135 654451  50.2439
22      6201    0.3778  999416  60.8913 660652  50.7200
23      1       0.0001  999417  60.8914 660653  50.7201
26      587119  35.7713 1586536 96.6627 1247772 95.7948
27      54387   3.3136  1640923 99.9764 1302159 99.9702
28      349     0.0213  1641272 99.9976 1302508 99.9970
....
69      1       0.0001  1641301 99.9994 1302537 99.9992
75      1       0.0001  1641302 99.9995 1302538 99.9993
77      1       0.0001  1641303 99.9995 1302539 99.9994
81      1       0.0001  1641304 99.9996 1302540 99.9995
88      2       0.0001  1641306 99.9997 1302542 99.9996
89      1       0.0001  1641307 99.9998 1302543 99.9997
106     1       0.0001  1641308 99.9998 1302544 99.9998
110     1       0.0001  1641309 99.9999 1302545 99.9998
121     1       0.0001  1641310 99.9999 1302546 99.9999
153     1       0.0001  1641311 100.0000        1302547 100.0000
